-0.367879 -0.000000
-0.368231 -0.003467
-0.368551 -0.006934
-0.368838 -0.010400
-0.369094 -0.013865
-0.369317 -0.017329
-0.369509 -0.020792
-0.369669 -0.024253
-0.369797 -0.027711
-0.369895 -0.031167
-0.369960 -0.034621
-0.369995 -0.038071
-0.369998 -0.041519
-0.369971 -0.044962
-0.369913 -0.048402
-0.369824 -0.051838
-0.369704 -0.055269
-0.369555 -0.058696
-0.369374 -0.062118
-0.369164 -0.065534
-0.368924 -0.068945
-0.368654 -0.072351
-0.368354 -0.075750
-0.368025 -0.079143
-0.367666 -0.082530
-0.367279 -0.085910
-0.366862 -0.089283
-0.366416 -0.092649
-0.365941 -0.096007
-0.365438 -0.099358
-0.364906 -0.102700
-0.364346 -0.106035
-0.363758 -0.109361
-0.363142 -0.112678
-0.362499 -0.115987
-0.361827 -0.119286
-0.361129 -0.122576
-0.360402 -0.125857
-0.359649 -0.129128
-0.358869 -0.132389
-0.358062 -0.135640
-0.357229 -0.138881
-0.356369 -0.142110
-0.355484 -0.145330
-0.354572 -0.148538
-0.353634 -0.151735
-0.352670 -0.154921
-0.351682 -0.158095
-0.350667 -0.161257
-0.349628 -0.164408
-0.348564 -0.167546
-0.347475 -0.170673
-0.346362 -0.173786
-0.345224 -0.176888
-0.344062 -0.179976
-0.342876 -0.183051
-0.341666 -0.186114
-0.340433 -0.189163
-0.339177 -0.192198
-0.337897 -0.195220
-0.336594 -0.198229
-0.335268 -0.201223
-0.333920 -0.204203
-0.332550 -0.207169
-0.331157 -0.210121
-0.329742 -0.213058
-0.328306 -0.215981
-0.326847 -0.218889
-0.325368 -0.221781
-0.323867 -0.224659
-0.322345 -0.227522
-0.320802 -0.230370
-0.319239 -0.233202
-0.317655 -0.236018
-0.316051 -0.238819
-0.314428 -0.241604
-0.312784 -0.244373
-0.311120 -0.247126
-0.309438 -0.249864
-0.307736 -0.252584
-0.306015 -0.255289
-0.304275 -0.257977
-0.302516 -0.260649
-0.300739 -0.263304
-0.298944 -0.265942
-0.297131 -0.268564
-0.295300 -0.271169
-0.293452 -0.273756
-0.291586 -0.276327
-0.289703 -0.278880
-0.287803 -0.281417
-0.285886 -0.283936
-0.283952 -0.286437
-0.282002 -0.288921
-0.280036 -0.291388
-0.278054 -0.293837
-0.276056 -0.296268
-0.274042 -0.298682
-0.272013 -0.301078
-0.269969 -0.303456
-0.267910 -0.305816
-0.265836 -0.308158
-0.263747 -0.310482
-0.261644 -0.312788
-0.259527 -0.315075
-0.257395 -0.317345
-0.255250 -0.319597
-0.253091 -0.321830
-0.250918 -0.324045
-0.248733 -0.326241
-0.246534 -0.328419
-0.244322 -0.330579
-0.242098 -0.332720
-0.239861 -0.334843
-0.237612 -0.336947
-0.235351 -0.339032
-0.233078 -0.341100
-0.230793 -0.343148
-0.228496 -0.345178
-0.226188 -0.347189
-0.223869 -0.349181
-0.221539 -0.351155
-0.219198 -0.353110
-0.216846 -0.355046
-0.214484 -0.356964
-0.212112 -0.358863
-0.209730 -0.360743
-0.207337 -0.362604
-0.204935 -0.364447
-0.202524 -0.366270
-0.200103 -0.368075
-0.197672 -0.369861
-0.195233 -0.371629
-0.192785 -0.373377
-0.190328 -0.375107
-0.187863 -0.376818
-0.185390 -0.378510
-0.182908 -0.380184
-0.180418 -0.381838
-0.177921 -0.383474
-0.175416 -0.385091
-0.172903 -0.386690
-0.170383 -0.388270
-0.167856 -0.389831
-0.165322 -0.391373
-0.162781 -0.392897
-0.160234 -0.394402
-0.157680 -0.395889
-0.155120 -0.397356
-0.152553 -0.398806
-0.149981 -0.400237
-0.147403 -0.401649
-0.144819 -0.403043
-0.142229 -0.404418
-0.139634 -0.405775
-0.137034 -0.407113
-0.134429 -0.408433
-0.131819 -0.409735
-0.129204 -0.411019
-0.126585 -0.412284
-0.123961 -0.413531
-0.121333 -0.414760
-0.118700 -0.415970
-0.116064 -0.417163
-0.113424 -0.418337
-0.110780 -0.419494
-0.108132 -0.420632
-0.105481 -0.421753
-0.102827 -0.422855
-0.100169 -0.423940
-0.097509 -0.425007
-0.094845 -0.426056
-0.092179 -0.427088
-0.089511 -0.428102
-0.086839 -0.429098
-0.084166 -0.430077
-0.081490 -0.431038
-0.078812 -0.431982
-0.076132 -0.432908
-0.073451 -0.433817
-0.070768 -0.434709
-0.068083 -0.435584
-0.065396 -0.436441
-0.062709 -0.437281
-0.060020 -0.438105
-0.057330 -0.438911
-0.054639 -0.439700
-0.051948 -0.440473
-0.049256 -0.441228
-0.046563 -0.441967
-0.043869 -0.442690
-0.041176 -0.443395
-0.038482 -0.444084
-0.035788 -0.444757
-0.033094 -0.445413
-0.030400 -0.446053
-0.027706 -0.446677
-0.025012 -0.447284
-0.022320 -0.447875
-0.019627 -0.448451
-0.016935 -0.449010
-0.014244 -0.449553
-0.011554 -0.450080
-0.008865 -0.450592
-0.006177 -0.451088
-0.003490 -0.451568
-0.000804 -0.452032
0.001880 -0.452481
0.004563 -0.452915
0.007245 -0.453333
0.009924 -0.453736
0.012602 -0.454124
0.015278 -0.454497
0.017952 -0.454854
0.020624 -0.455197
0.023294 -0.455524
0.025962 -0.455837
0.028628 -0.456135
0.031291 -0.456419
0.033951 -0.456688
0.036609 -0.456942
0.039265 -0.457182
0.041917 -0.457407
0.044567 -0.457618
0.047214 -0.457815
0.049858 -0.457998
0.052499 -0.458167
0.055137 -0.458321
0.057771 -0.458462
0.060403 -0.458589
0.063031 -0.458703
0.065655 -0.458802
0.068276 -0.458889
0.070894 -0.458961
0.073507 -0.459020
0.076117 -0.459066
0.078724 -0.459099
0.081326 -0.459118
0.083924 -0.459125
0.086519 -0.459118
0.089109 -0.459098
0.091696 -0.459066
0.094278 -0.459021
0.096855 -0.458963
0.099429 -0.458893
0.101998 -0.458810
0.104563 -0.458714
0.107123 -0.458607
0.109678 -0.458487
0.112229 -0.458355
0.114776 -0.458210
0.117317 -0.458054
0.119854 -0.457886
0.122386 -0.457706
0.124913 -0.457514
0.127435 -0.457311
0.129952 -0.457095
0.132464 -0.456869
0.134971 -0.456631
0.137473 -0.456381
0.139970 -0.456121
0.142461 -0.455849
0.144947 -0.455566
0.147428 -0.455272
0.149903 -0.454967
0.152373 -0.454651
0.154838 -0.454325
0.157297 -0.453988
0.159750 -0.453640
0.162198 -0.453281
0.164640 -0.452913
0.167077 -0.452533
0.169508 -0.452144
0.171933 -0.451744
0.174352 -0.451335
0.176766 -0.450915
0.179173 -0.450485
0.181575 -0.450046
0.183971 -0.449596
0.186361 -0.449137
0.188744 -0.448668
0.191122 -0.448190
0.193494 -0.447702
0.195860 -0.447205
0.198219 -0.446699
0.200573 -0.446183
0.202920 -0.445658
0.205261 -0.445125
0.207596 -0.444582
0.209925 -0.444030
0.212247 -0.443470
0.214563 -0.442900
0.216873 -0.442322
0.219176 -0.441736
0.221473 -0.441141
0.223764 -0.440537
0.226048 -0.439926
0.228325 -0.439305
0.230597 -0.438677
0.232862 -0.438041
0.235120 -0.437396
0.237372 -0.436744
0.239617 -0.436084
0.241856 -0.435416
0.244088 -0.434740
0.246314 -0.434056
0.248533 -0.433365
0.250745 -0.432667
0.252951 -0.431961
0.255150 -0.431247
0.257342 -0.430527
0.259528 -0.429799
0.261707 -0.429064
0.263880 -0.428322
0.266046 -0.427573
0.268205 -0.426817
0.270357 -0.426055
0.272503 -0.425285
0.274642 -0.424509
0.276774 -0.423726
0.278899 -0.422937
0.281018 -0.422141
0.283130 -0.421339
0.285235 -0.420531
0.287334 -0.419716
0.289425 -0.418895
0.291510 -0.418068
0.293588 -0.417235
0.295659 -0.416396
0.297724 -0.415551
0.299782 -0.414701
0.301832 -0.413844
0.303877 -0.412982
0.305914 -0.412114
0.307944 -0.411241
0.309968 -0.410362
0.311985 -0.409478
0.313995 -0.408588
0.315998 -0.407693
0.317995 -0.406793
0.319985 -0.405888
0.321968 -0.404978
0.323944 -0.404062
0.325913 -0.403142
0.327876 -0.402217
0.329831 -0.401287
0.331781 -0.400352
0.333723 -0.399413
0.335658 -0.398469
0.337587 -0.397520
0.339509 -0.396567
0.341424 -0.395609
0.343333 -0.394648
0.345235 -0.393681
0.347130 -0.392711
0.349018 -0.391736
0.350900 -0.390757
0.352775 -0.389774
0.354643 -0.388788
0.356504 -0.387797
0.358359 -0.386802
0.360208 -0.385804
0.362049 -0.384801
0.363884 -0.383795
0.365712 -0.382786
0.367534 -0.381773
0.369349 -0.380756
0.371158 -0.379736
0.372960 -0.378712
0.374755 -0.377685
0.376544 -0.376655
0.378326 -0.375621
0.380102 -0.374585
0.381871 -0.373545
0.383633 -0.372502
0.385390 -0.371456
0.387139 -0.370407
0.388882 -0.369356
0.390619 -0.368301
0.392350 -0.367244
0.394074 -0.366183
0.395791 -0.365121
0.397502 -0.364055
0.399207 -0.362987
0.400905 -0.361916
0.402597 -0.360843
0.404283 -0.359768
0.405963 -0.358690
0.407636 -0.357610
0.409303 -0.356527
0.410963 -0.355443
0.412617 -0.354356
0.414266 -0.353267
0.415908 -0.352176
0.417543 -0.351083
0.419173 -0.349988
0.420796 -0.348891
0.422414 -0.347792
0.424025 -0.346691
0.425630 -0.345589
0.427229 -0.344484
0.428822 -0.343378
0.430409 -0.342271
0.431990 -0.341162
0.433565 -0.340051
0.435134 -0.338939
0.436697 -0.337825
0.438254 -0.336710
0.439806 -0.335594
0.441351 -0.334476
0.442890 -0.333357
0.444424 -0.332237
0.445952 -0.331115
0.447474 -0.329993
0.448990 -0.328869
0.450501 -0.327744
0.452005 -0.326618
0.453504 -0.325491
0.454998 -0.324364
0.456485 -0.323235
0.457967 -0.322106
0.459444 -0.320975
0.460915 -0.319844
0.462380 -0.318713
0.463839 -0.317580
0.465294 -0.316447
0.466742 -0.315313
0.468185 -0.314179
0.469623 -0.313044
0.471055 -0.311909
0.472482 -0.310773
0.473903 -0.309637
0.475319 -0.308500
0.476730 -0.307363
0.478135 -0.306226
0.479536 -0.305088
0.480930 -0.303951
0.482320 -0.302813
0.483704 -0.301674
0.485083 -0.300536
0.486457 -0.299398
0.487826 -0.298259
0.489190 -0.297121
0.490548 -0.295983
0.491902 -0.294844
0.493250 -0.293706
0.494594 -0.292568
0.495932 -0.291430
0.497265 -0.290292
0.498594 -0.289154
0.499917 -0.288017
0.501236 -0.286880
0.502550 -0.285743
0.503858 -0.284607
0.505163 -0.283471
0.506462 -0.282335
0.507756 -0.281200
0.509046 -0.280065
0.510331 -0.278931
0.511611 -0.277797
0.512887 -0.276664
0.514158 -0.275531
0.515424 -0.274399
0.516685 -0.273268
0.517943 -0.272137
0.519195 -0.271007
0.520443 -0.269878
0.521687 -0.268750
0.522926 -0.267622
0.524160 -0.266495
0.525390 -0.265369
0.526616 -0.264244
0.527837 -0.263120
0.529054 -0.261997
0.530267 -0.260874
0.531476 -0.259753
0.532680 -0.258632
0.533879 -0.257513
0.535075 -0.256395
0.536267 -0.255278
0.537454 -0.254162
0.538637 -0.253047
0.539816 -0.251933
0.540991 -0.250820
0.542162 -0.249709
0.543328 -0.248599
0.544491 -0.247490
0.545650 -0.246382
0.546805 -0.245276
0.547955 -0.244171
0.549102 -0.243067
0.550245 -0.241965
0.551384 -0.240864
0.552520 -0.239764
0.553651 -0.238666
0.554779 -0.237570
0.555903 -0.236475
0.557023 -0.235381
0.558139 -0.234289
0.559252 -0.233198
0.560361 -0.232109
0.561467 -0.231022
0.562569 -0.229936
0.563667 -0.228852
0.564761 -0.227769
0.565853 -0.226688
0.566940 -0.225609
0.568024 -0.224532
0.569105 -0.223456
0.570182 -0.222382
0.571256 -0.221310
0.572326 -0.220239
0.573393 -0.219170
0.574457 -0.218104
0.575517 -0.217039
0.576574 -0.215975
0.577628 -0.214914
0.578678 -0.213855
0.579726 -0.212797
0.580770 -0.211741
0.581811 -0.210688
0.582848 -0.209636
0.583883 -0.208586
0.584914 -0.207539
0.585943 -0.206493
0.586968 -0.205449
0.587991 -0.204407
0.589010 -0.203368
0.590026 -0.202330
0.591040 -0.201295
0.592050 -0.200261
0.593058 -0.199230
0.594062 -0.198201
0.595064 -0.197174
0.596063 -0.196149
0.597059 -0.195126
0.598052 -0.194106
0.599043 -0.193087
0.600031 -0.192071
0.601016 -0.191057
0.601998 -0.190046
0.602978 -0.189036
0.603955 -0.188029
0.604929 -0.187025
0.605901 -0.186022
0.606870 -0.185022
0.607837 -0.184024
0.608801 -0.183028
0.609762 -0.182035
0.610721 -0.181044
0.611678 -0.180056
0.612632 -0.179069
0.613583 -0.178086
0.614533 -0.177104
0.615480 -0.176125
0.616424 -0.175149
0.617366 -0.174175
0.618306 -0.173203
0.619244 -0.172234
0.620179 -0.171267
0.621112 -0.170303
0.622043 -0.169341
0.622971 -0.168382
0.623897 -0.167425
0.624822 -0.166471
0.625744 -0.165519
0.626663 -0.164570
0.627581 -0.163623
0.628497 -0.162679
0.629410 -0.161738
0.630322 -0.160799
0.631231 -0.159863
0.632139 -0.158929
0.633045 -0.157998
0.633948 -0.157069
0.634850 -0.156143
0.635749 -0.155220
0.636647 -0.154299
0.637543 -0.153381
0.638437 -0.152466
0.639329 -0.151553
0.640220 -0.150643
0.641108 -0.149736
0.641995 -0.148831
0.642880 -0.147929
0.643763 -0.147030
0.644645 -0.146134
0.645525 -0.145240
0.646403 -0.144349
0.647280 -0.143460
0.648154 -0.142575
0.649028 -0.141692
0.649899 -0.140811
0.650769 -0.139934
0.651638 -0.139059
0.652505 -0.138187
0.653370 -0.137318
0.654234 -0.136452
0.655096 -0.135588
0.655957 -0.134728
0.656816 -0.133870
0.657674 -0.133014
0.658531 -0.132162
0.659386 -0.131312
0.660240 -0.130466
0.661092 -0.129622
0.661943 -0.128781
0.662793 -0.127942
0.663641 -0.127107
0.664488 -0.126274
0.665334 -0.125445
0.666179 -0.124618
0.667022 -0.123794
0.667864 -0.122973
0.668705 -0.122154
0.669545 -0.121339
0.670383 -0.120526
0.671220 -0.119717
0.672057 -0.118910
0.672892 -0.118106
0.673725 -0.117305
0.674558 -0.116507
0.675390 -0.115711
0.676221 -0.114919
0.677050 -0.114130
0.677879 -0.113343
0.678707 -0.112559
0.679533 -0.111779
0.680359 -0.111001
0.681183 -0.110226
0.682007 -0.109454
0.682830 -0.108685
0.683652 -0.107919
0.684473 -0.107156
0.685293 -0.106395
0.686112 -0.105638
0.686930 -0.104884
0.687748 -0.104132
0.688564 -0.103384
0.689380 -0.102638
0.690195 -0.101896
0.691010 -0.101156
0.691823 -0.100419
0.692636 -0.099685
0.693448 -0.098955
0.694259 -0.098227
0.695070 -0.097502
0.695880 -0.096780
0.696689 -0.096061
0.697497 -0.095345
0.698305 -0.094632
0.699112 -0.093922
0.699919 -0.093215
0.700725 -0.092510
0.701530 -0.091809
0.702335 -0.091111
0.703140 -0.090416
0.703943 -0.089723
0.704746 -0.089034
0.705549 -0.088348
0.706351 -0.087664
0.707153 -0.086984
0.707954 -0.086306
0.708755 -0.085632
0.709555 -0.084960
0.710354 -0.084292
0.711154 -0.083626
0.711953 -0.082964
0.712751 -0.082304
0.713549 -0.081647
0.714347 -0.080994
0.715144 -0.080343
0.715941 -0.079695
0.716738 -0.079051
0.717534 -0.078409
0.718330 -0.077770
0.719125 -0.077134
0.719921 -0.076501
0.720716 -0.075871
0.721510 -0.075244
0.722305 -0.074621
0.723099 -0.074000
0.723893 -0.073382
0.724687 -0.072766
0.725480 -0.072154
0.726273 -0.071545
0.727067 -0.070939
0.727859 -0.070336
0.728652 -0.069736
0.729445 -0.069138
0.730237 -0.068544
0.731029 -0.067953
0.731821 -0.067364
0.732613 -0.066779
0.733405 -0.066196
0.734197 -0.065617
0.734989 -0.065040
0.735780 -0.064466
0.736572 -0.063896
0.737363 -0.063328
0.738155 -0.062763
0.738946 -0.062201
0.739737 -0.061642
0.740529 -0.061086
0.741320 -0.060533
0.742111 -0.059983
0.742903 -0.059436
0.743694 -0.058891
0.744485 -0.058350
0.745277 -0.057812
0.746068 -0.057276
0.746860 -0.056743
0.747651 -0.056214
0.748443 -0.055687
0.749235 -0.055163
0.750026 -0.054642
0.750818 -0.054124
0.751610 -0.053609
0.752403 -0.053097
0.753195 -0.052587
0.753987 -0.052081
0.754780 -0.051577
0.755572 -0.051076
0.756365 -0.050579
0.757158 -0.050084
0.757952 -0.049592
0.758745 -0.049102
0.759538 -0.048616
0.760332 -0.048133
0.761126 -0.047652
0.761920 -0.047174
0.762715 -0.046699
0.763510 -0.046227
0.764305 -0.045758
0.765100 -0.045292
0.765895 -0.044828
0.766691 -0.044368
0.767487 -0.043910
0.768283 -0.043455
0.769080 -0.043003
0.769876 -0.042553
0.770674 -0.042107
0.771471 -0.041663
0.772269 -0.041222
0.773067 -0.040784
0.773865 -0.040349
0.774664 -0.039916
0.775463 -0.039486
0.776263 -0.039059
0.777062 -0.038635
0.777863 -0.038214
0.778663 -0.037795
0.779464 -0.037380
0.780266 -0.036966
0.781067 -0.036556
0.781869 -0.036149
0.782672 -0.035744
0.783475 -0.035342
0.784278 -0.034942
0.785082 -0.034546
0.785886 -0.034152
0.786691 -0.033761
0.787496 -0.033373
0.788301 -0.032987
0.789107 -0.032604
0.789914 -0.032224
0.790721 -0.031846
0.791528 -0.031471
0.792336 -0.031099
0.793144 -0.030729
0.793953 -0.030363
0.794763 -0.029999
0.795572 -0.029637
0.796383 -0.029278
0.797194 -0.028922
0.798005 -0.028569
0.798817 -0.028218
0.799629 -0.027869
0.800442 -0.027524
0.801256 -0.027181
0.802070 -0.026841
0.802884 -0.026503
0.803700 -0.026168
0.804515 -0.025835
0.805332 -0.025505
0.806148 -0.025178
0.806966 -0.024853
0.807784 -0.024531
0.808602 -0.024212
0.809421 -0.023895
0.810241 -0.023580
0.811062 -0.023268
0.811882 -0.022959
0.812704 -0.022652
0.813526 -0.022348
0.814349 -0.022046
0.815172 -0.021747
0.815996 -0.021450
0.816821 -0.021156
0.817646 -0.020864
0.818472 -0.020575
0.819299 -0.020288
0.820126 -0.020004
0.820954 -0.019722
0.821782 -0.019443
0.822611 -0.019166
0.823441 -0.018891
0.824272 -0.018619
0.825103 -0.018350
0.825935 -0.018083
0.826767 -0.017818
0.827600 -0.017556
0.828434 -0.017296
0.829269 -0.017038
0.830104 -0.016783
0.830940 -0.016531
0.831776 -0.016280
0.832614 -0.016032
0.833452 -0.015787
0.834291 -0.015544
0.835130 -0.015303
0.835970 -0.015064
0.836811 -0.014828
0.837653 -0.014594
0.838495 -0.014363
0.839338 -0.014133
0.840182 -0.013906
0.841026 -0.013682
0.841872 -0.013459
0.842718 -0.013239
0.843564 -0.013021
0.844412 -0.012806
0.845260 -0.012592
0.846109 -0.012381
0.846959 -0.012172
0.847809 -0.011965
0.848661 -0.011761
0.849513 -0.011559
0.850365 -0.011359
0.851219 -0.011161
0.852073 -0.010965
0.852928 -0.010772
0.853784 -0.010580
0.854641 -0.010391
0.855498 -0.010204
0.856357 -0.010019
0.857216 -0.009836
0.858075 -0.009655
0.858936 -0.009477
0.859797 -0.009300
0.860660 -0.009126
0.861523 -0.008953
0.862386 -0.008783
0.863251 -0.008615
0.864116 -0.008449
0.864983 -0.008285
0.865850 -0.008123
0.866717 -0.007962
0.867586 -0.007804
0.868456 -0.007648
0.869326 -0.007494
0.870197 -0.007342
0.871069 -0.007192
0.871942 -0.007044
0.872815 -0.006898
0.873690 -0.006753
0.874565 -0.006611
0.875441 -0.006471
0.876318 -0.006332
0.877196 -0.006195
0.878075 -0.006061
0.878954 -0.005928
0.879834 -0.005797
0.880715 -0.005668
0.881597 -0.005540
0.882480 -0.005415
0.883364 -0.005291
0.884249 -0.005169
0.885134 -0.005049
0.886020 -0.004931
0.886907 -0.004815
0.887795 -0.004700
0.888684 -0.004587
0.889574 -0.004476
0.890465 -0.004367
0.891356 -0.004259
0.892248 -0.004153
0.893141 -0.004049
0.894036 -0.003946
0.894930 -0.003845
0.895826 -0.003746
0.896723 -0.003648
0.897621 -0.003552
0.898519 -0.003458
0.899418 -0.003365
0.900319 -0.003274
0.901220 -0.003185
0.902122 -0.003097
0.903025 -0.003011
0.903928 -0.002926
0.904833 -0.002843
0.905738 -0.002761
0.906645 -0.002681
0.907552 -0.002602
0.908461 -0.002525
0.909370 -0.002449
0.910280 -0.002375
0.911191 -0.002303
0.912102 -0.002231
0.913015 -0.002161
0.913929 -0.002093
0.914843 -0.002026
0.915759 -0.001961
0.916675 -0.001896
0.917592 -0.001834
0.918511 -0.001772
0.919430 -0.001712
0.920350 -0.001653
0.921271 -0.001596
0.922192 -0.001540
0.923115 -0.001485
0.924039 -0.001431
0.924963 -0.001379
0.925889 -0.001328
0.926815 -0.001278
0.927743 -0.001230
0.928671 -0.001182
0.929600 -0.001136
0.930530 -0.001091
0.931461 -0.001047
0.932393 -0.001005
0.933326 -0.000963
0.934260 -0.000923
0.935195 -0.000884
0.936130 -0.000846
0.937067 -0.000808
0.938005 -0.000772
0.938943 -0.000738
0.939883 -0.000704
0.940823 -0.000671
0.941764 -0.000639
0.942707 -0.000608
0.943650 -0.000578
0.944594 -0.000550
0.945539 -0.000522
0.946485 -0.000495
0.947432 -0.000469
0.948380 -0.000444
0.949329 -0.000419
0.950279 -0.000396
0.951229 -0.000374
0.952181 -0.000352
0.953134 -0.000331
0.954087 -0.000311
0.955042 -0.000292
0.955997 -0.000274
0.956954 -0.000256
0.957911 -0.000239
0.958870 -0.000223
0.959829 -0.000208
0.960789 -0.000193
0.961751 -0.000179
0.962713 -0.000166
0.963676 -0.000153
0.964640 -0.000141
0.965605 -0.000130
0.966571 -0.000119
0.967539 -0.000109
0.968507 -0.000100
0.969476 -0.000091
0.970446 -0.000082
0.971416 -0.000074
0.972388 -0.000067
0.973361 -0.000060
0.974335 -0.000054
0.975310 -0.000048
0.976286 -0.000042
0.977262 -0.000037
0.978240 -0.000033
0.979219 -0.000028
0.980199 -0.000025
0.981179 -0.000021
0.982161 -0.000018
0.983144 -0.000015
0.984127 -0.000013
0.985112 -0.000010
0.986098 -0.000009
0.987084 -0.000007
0.988072 -0.000005
0.989060 -0.000004
0.990050 -0.000003
0.991040 -0.000002
0.992032 -0.000002
0.993024 -0.000001
0.994018 -0.000001
0.995012 -0.000000
0.996008 -0.000000
0.997004 -0.000000
0.998002 -0.000000
0.999000 -0.000000
1.000000 0.000000
1.001001 0.000000
1.002002 0.000000
1.003005 0.000000
1.004008 0.000000
1.005013 0.000000
1.006018 0.000001
1.007025 0.000001
1.008032 0.000002
1.009041 0.000002
1.010050 0.000003
1.011061 0.000004
1.012072 0.000005
1.013085 0.000007
1.014098 0.000009
1.015113 0.000011
1.016129 0.000013
1.017145 0.000016
1.018163 0.000019
1.019182 0.000022
1.020201 0.000026
1.021222 0.000030
1.022244 0.000034
1.023267 0.000039
1.024290 0.000044
1.025315 0.000050
1.026341 0.000057
1.027368 0.000064
1.028396 0.000071
1.029425 0.000079
1.030455 0.000087
1.031485 0.000097
1.032517 0.000106
1.033551 0.000117
1.034585 0.000128
1.035620 0.000139
1.036656 0.000152
1.037693 0.000165
1.038731 0.000179
1.039770 0.000194
1.040811 0.000209
1.041852 0.000226
1.042894 0.000243
1.043938 0.000261
1.044982 0.000280
1.046028 0.000299
1.047074 0.000320
1.048122 0.000342
1.049171 0.000365
1.050220 0.000388
1.051271 0.000413
1.052323 0.000439
1.053376 0.000465
1.054430 0.000493
1.055484 0.000522
1.056540 0.000552
1.057598 0.000583
1.058656 0.000616
1.059715 0.000650
1.060775 0.000684
1.061836 0.000721
1.062899 0.000758
1.063962 0.000797
1.065027 0.000837
1.066092 0.000878
1.067159 0.000921
1.068226 0.000965
1.069295 0.001010
1.070365 0.001057
1.071436 0.001106
1.072508 0.001156
1.073581 0.001207
1.074655 0.001260
1.075730 0.001315
1.076806 0.001371
1.077883 0.001429
1.078962 0.001488
1.080041 0.001549
1.081121 0.001612
1.082203 0.001676
1.083286 0.001742
1.084369 0.001810
1.085454 0.001880
1.086540 0.001952
1.087627 0.002025
1.088715 0.002100
1.089804 0.002178
1.090894 0.002257
1.091986 0.002338
1.093078 0.002421
1.094171 0.002506
1.095266 0.002593
1.096362 0.002682
1.097458 0.002773
1.098556 0.002867
1.099655 0.002962
1.100755 0.003060
1.101856 0.003159
1.102958 0.003261
1.104061 0.003366
1.105165 0.003472
1.106271 0.003581
1.107377 0.003692
1.108485 0.003805
1.109594 0.003921
1.110703 0.004039
1.111814 0.004160
1.112926 0.004283
1.114039 0.004409
1.115153 0.004537
1.116268 0.004668
1.117385 0.004801
1.118502 0.004937
1.119620 0.005075
1.120740 0.005216
1.121861 0.005360
1.122982 0.005507
1.124105 0.005656
1.125229 0.005808
1.126354 0.005963
1.127480 0.006121
1.128607 0.006281
1.129736 0.006445
1.130865 0.006611
1.131996 0.006781
1.133127 0.006953
1.134260 0.007128
1.135394 0.007307
1.136528 0.007488
1.137664 0.007673
1.138801 0.007860
1.139939 0.008051
1.141079 0.008245
1.142219 0.008442
1.143360 0.008643
1.144503 0.008847
1.145646 0.009054
1.146791 0.009264
1.147936 0.009478
1.149083 0.009695
1.150231 0.009916
1.151380 0.010140
1.152530 0.010368
1.153681 0.010599
1.154833 0.010834
1.155987 0.011072
1.157141 0.011314
1.158296 0.011559
1.159453 0.011809
1.160610 0.012062
1.161769 0.012319
1.162929 0.012579
1.164089 0.012844
1.165251 0.013112
1.166414 0.013384
1.167578 0.013660
1.168743 0.013940
1.169909 0.014224
1.171076 0.014512
1.172244 0.014804
1.173414 0.015100
1.174584 0.015401
1.175755 0.015705
1.176928 0.016014
1.178101 0.016326
1.179276 0.016644
1.180451 0.016965
1.181628 0.017291
1.182805 0.017621
1.183984 0.017955
1.185164 0.018294
1.186344 0.018637
1.187526 0.018985
1.188709 0.019338
1.189893 0.019695
1.191077 0.020056
1.192263 0.020422
1.193450 0.020793
1.194638 0.021169
1.195827 0.021549
1.197016 0.021934
1.198207 0.022324
1.199399 0.022719
1.200592 0.023118
1.201786 0.023523
1.202980 0.023932
1.204176 0.024347
1.205373 0.024766
1.206571 0.025191
1.207769 0.025620
1.208969 0.026055
1.210169 0.026495
1.211371 0.026940
1.212573 0.027391
1.213777 0.027846
1.214981 0.028308
1.216187 0.028774
1.217393 0.029246
1.218600 0.029723
1.219808 0.030206
1.221017 0.030694
1.222227 0.031188
1.223438 0.031687
1.224649 0.032192
1.225862 0.032703
1.227075 0.033219
1.228290 0.033741
1.229505 0.034269
1.230721 0.034803
1.231938 0.035342
1.233156 0.035888
1.234375 0.036439
1.235594 0.036997
1.236814 0.037560
1.238036 0.038130
1.239258 0.038705
1.240480 0.039287
1.241704 0.039875
1.242928 0.040469
1.244154 0.041069
1.245380 0.041676
1.246606 0.042289
1.247834 0.042908
1.249062 0.043534
1.250291 0.044166
1.251521 0.044804
1.252751 0.045450
1.253983 0.046101
1.255215 0.046760
1.256447 0.047425
1.257681 0.048097
1.258915 0.048775
1.260149 0.049461
1.261385 0.050153
1.262621 0.050852
1.263858 0.051558
1.265095 0.052270
1.266333 0.052990
1.267571 0.053717
1.268811 0.054451
1.270050 0.055192
1.271291 0.055940
1.272532 0.056696
1.273773 0.057459
1.275015 0.058229
1.276258 0.059006
1.277501 0.059791
1.278745 0.060583
1.279989 0.061382
1.281234 0.062189
1.282479 0.063004
1.283724 0.063826
1.284970 0.064656
1.286217 0.065494
1.287464 0.066339
1.288711 0.067192
1.289959 0.068053
1.291207 0.068922
1.292455 0.069799
1.293704 0.070683
1.294953 0.071576
1.296203 0.072476
1.297453 0.073385
1.298703 0.074302
1.299953 0.075227
1.301204 0.076160
1.302455 0.077102
1.303706 0.078052
1.304957 0.079010
1.306209 0.079976
1.307461 0.080951
1.308713 0.081935
1.309965 0.082927
1.311217 0.083928
1.312469 0.084937
1.313722 0.085955
1.314974 0.086981
1.316227 0.088017
1.317479 0.089061
1.318732 0.090114
1.319985 0.091176
1.321237 0.092247
1.322490 0.093327
1.323742 0.094416
1.324995 0.095515
1.326247 0.096622
1.327499 0.097738
1.328751 0.098864
1.330003 0.099999
1.331255 0.101144
1.332507 0.102297
1.333758 0.103461
1.335009 0.104633
1.336260 0.105815
1.337510 0.107007
1.338760 0.108209
1.340010 0.109420
1.341260 0.110641
1.342509 0.111871
1.343757 0.113112
1.345006 0.114362
1.346253 0.115622
1.347501 0.116892
1.348747 0.118172
1.349994 0.119463
1.351239 0.120763
1.352484 0.122074
1.353729 0.123394
1.354973 0.124725
1.356216 0.126067
1.357458 0.127418
1.358700 0.128780
1.359941 0.130153
1.361181 0.131536
1.362420 0.132930
1.363659 0.134334
1.364896 0.135749
1.366133 0.137175
1.367369 0.138611
1.368603 0.140058
1.369837 0.141516
1.371070 0.142985
1.372302 0.144465
1.373532 0.145956
1.374762 0.147458
1.375990 0.148972
1.377217 0.150496
1.378443 0.152032
1.379667 0.153578
1.380891 0.155137
1.382113 0.156706
1.383333 0.158287
1.384552 0.159880
1.385770 0.161483
1.386986 0.163099
1.388201 0.164726
1.389414 0.166365
1.390626 0.168016
1.391836 0.169678
1.393044 0.171352
1.394251 0.173038
1.395456 0.174737
1.396659 0.176447
1.397860 0.178169
1.399059 0.179903
1.400257 0.181649
1.401452 0.183408
1.402646 0.185179
1.403837 0.186962
1.405027 0.188757
1.406214 0.190565
1.407399 0.192385
1.408582 0.194218
1.409763 0.196064
1.410941 0.197922
1.412117 0.199792
1.413291 0.201676
1.414462 0.203572
1.415630 0.205481
1.416797 0.207403
1.417960 0.209338
1.419121 0.211285
1.420279 0.213246
1.421435 0.215220
1.422588 0.217207
1.423738 0.219207
1.424885 0.221221
1.426029 0.223248
1.427170 0.225288
1.428308 0.227342
1.429443 0.229409
1.430575 0.231489
1.431704 0.233583
1.432829 0.235691
1.433951 0.237812
1.435070 0.239947
1.436185 0.242096
1.437297 0.244259
1.438405 0.246435
1.439510 0.248626
1.440611 0.250830
1.441709 0.253048
1.442802 0.255281
1.443892 0.257528
1.444978 0.259788
1.446060 0.262063
1.447138 0.264353
1.448212 0.266656
1.449281 0.268975
1.450347 0.271307
1.451408 0.273654
1.452465 0.276016
1.453518 0.278392
1.454566 0.280783
1.455609 0.283188
1.456648 0.285608
1.457683 0.288043
1.458712 0.290493
1.459737 0.292958
1.460757 0.295438
1.461772 0.297932
1.462782 0.300442
1.463787 0.302967
1.464787 0.305507
1.465781 0.308062
1.466770 0.310633
1.467754 0.313218
1.468733 0.315820
1.469706 0.318436
1.470673 0.321068
1.471635 0.323715
1.472590 0.326378
1.473540 0.329057
1.474485 0.331751
1.475423 0.334461
1.476355 0.337187
1.477281 0.339928
1.478201 0.342686
1.479114 0.345459
1.480021 0.348248
1.480922 0.351053
1.481816 0.353874
1.482703 0.356712
1.483583 0.359565
1.484457 0.362435
1.485324 0.365320
1.486184 0.368222
1.487037 0.371141
1.487883 0.374075
1.488721 0.377026
1.489552 0.379994
1.490376 0.382978
1.491192 0.385978
1.492000 0.388995
1.492801 0.392029
1.493594 0.395080
1.494379 0.398147
1.495156 0.401231
1.495925 0.404331
1.496686 0.407449
1.497438 0.410583
1.498182 0.413735
1.498918 0.416903
1.499645 0.420088
1.500363 0.423291
1.501073 0.426510
1.501773 0.429747
1.502465 0.433000
1.503147 0.436271
1.503821 0.439560
1.504484 0.442865
1.505139 0.446188
1.505784 0.449528
1.506419 0.452886
1.507045 0.456261
1.507661 0.459654
1.508267 0.463064
1.508862 0.466491
1.509448 0.469937
1.510023 0.473400
1.510588 0.476880
1.511142 0.480378
1.511686 0.483895
1.512219 0.487428
1.512741 0.490980
1.513252 0.494549
1.513751 0.498137
1.514240 0.501742
1.514717 0.505365
1.515183 0.509006
1.515637 0.512665
1.516080 0.516342
1.516510 0.520038
1.516929 0.523751
1.517335 0.527482
1.517729 0.531232
1.518111 0.535000
1.518481 0.538785
1.518837 0.542590
1.519181 0.546412
1.519513 0.550253
1.519831 0.554112
1.520136 0.557989
1.520427 0.561885
1.520706 0.565799
1.520970 0.569731
1.521221 0.573682
1.521459 0.577651
1.521682 0.581639
1.521891 0.585645
1.522086 0.589670
1.522266 0.593713
1.522432 0.597775
1.522584 0.601855
1.522720 0.605954
1.522842 0.610072
1.522948 0.614208
1.523039 0.618362
1.523115 0.622536
1.523175 0.626728
1.523220 0.630938
1.523248 0.635168
1.523261 0.639416
1.523258 0.643682
1.523238 0.647967
1.523202 0.652271
1.523149 0.656594
1.523079 0.660936
1.522992 0.665296
1.522889 0.669675
1.522768 0.674072
1.522629 0.678489
1.522473 0.682924
1.522300 0.687377
1.522108 0.691850
1.521898 0.696341
1.521671 0.700851
1.521424 0.705380
1.521159 0.709927
1.520876 0.714493
1.520573 0.719078
1.520252 0.723682
1.519911 0.728304
1.519551 0.732945
1.519171 0.737605
1.518772 0.742283
1.518352 0.746980
1.517913 0.751695
1.517453 0.756430
1.516972 0.761182
1.516471 0.765954
1.515950 0.770744
1.515407 0.775552
1.514843 0.780379
1.514258 0.785225
1.513651 0.790089
1.513022 0.794972
1.512372 0.799873
1.511699 0.804792
1.511004 0.809730
1.510287 0.814686
1.509547 0.819661
1.508784 0.824653
1.507998 0.829664
1.507189 0.834694
1.506356 0.839741
1.505500 0.844807
1.504620 0.849891
1.503716 0.854993
1.502787 0.860113
1.501835 0.865251
1.500857 0.870407
1.499855 0.875581
1.498828 0.880772
1.497776 0.885982
1.496698 0.891209
1.495594 0.896454
1.494465 0.901717
1.493310 0.906997
1.492129 0.912295
1.490921 0.917611
1.489686 0.922944
1.488425 0.928294
1.487136 0.933662
1.485821 0.939047
1.484477 0.944449
1.483107 0.949868
1.481708 0.955304
1.480281 0.960758
1.478826 0.966228
1.477342 0.971715
1.475829 0.977219
1.474288 0.982739
1.472717 0.988277
1.471117 0.993830
1.469487 0.999401
1.467827 1.004987
1.466137 1.010590
1.464417 1.016209
1.462667 1.021844
1.460885 1.027496
1.459073 1.033163
1.457230 1.038846
1.455355 1.044545
1.453448 1.050259
1.451510 1.055989
1.449539 1.061734
1.447536 1.067495
1.445501 1.073271
1.443432 1.079062
1.441331 1.084868
1.439197 1.090689
1.437029 1.096525
1.434827 1.102375
1.432591 1.108240
1.430321 1.114119
1.428017 1.120013
1.425678 1.125921
1.423304 1.131843
1.420895 1.137779
1.418451 1.143728
1.415971 1.149691
1.413455 1.155668
1.410903 1.161658
1.408315 1.167662
1.405690 1.173678
1.403028 1.179707
1.400330 1.185749
1.397594 1.191804
1.394820 1.197871
1.392009 1.203951
1.389160 1.210043
1.386272 1.216146
1.383346 1.222262
1.380382 1.228389
1.377378 1.234528
1.374335 1.240678
1.371253 1.246839
1.368130 1.253012
1.364968 1.259195
1.361766 1.265388
1.358523 1.271592
1.355239 1.277807
1.351915 1.284031
1.348549 1.290265
1.345142 1.296509
1.341693 1.302763
1.338202 1.309026
1.334669 1.315297
1.331093 1.321578
1.327475 1.327867
1.323814 1.334165
1.320110 1.340471
1.316362 1.346785
1.312570 1.353107
1.308735 1.359436
1.304855 1.365773
1.300931 1.372116
1.296962 1.378467
1.292948 1.384824
1.288889 1.391188
1.284785 1.397558
1.280635 1.403934
1.276439 1.410315
1.272197 1.416702
1.267908 1.423094
1.263573 1.429491
1.259190 1.435892
1.254761 1.442298
1.250284 1.448708
1.245759 1.455122
1.241187 1.461539
1.236566 1.467960
1.231897 1.474384
1.227179 1.480810
1.222413 1.487239
1.217597 1.493670
1.212732 1.500103
1.207817 1.506538
1.202852 1.512973
1.197837 1.519410
1.192772 1.525847
1.187656 1.532285
1.182490 1.538723
1.177272 1.545160
1.172003 1.551597
1.166682 1.558033
1.161310 1.564467
1.155885 1.570900
1.150408 1.577331
1.144879 1.583760
1.139297 1.590186
1.133662 1.596609
1.127973 1.603029
1.122232 1.609445
1.116436 1.615858
1.110587 1.622265
1.104684 1.628668
1.098726 1.635066
1.092713 1.641459
1.086646 1.647845
1.080524 1.654225
1.074346 1.660599
1.068113 1.666966
1.061825 1.673325
1.055480 1.679676
1.049079 1.686019
1.042622 1.692354
1.036109 1.698680
1.029538 1.704996
1.022911 1.711302
1.016226 1.717598
1.009484 1.723884
1.002685 1.730158
0.995827 1.736420
0.988912 1.742671
0.981939 1.748910
0.974907 1.755135
0.967816 1.761347
0.960667 1.767546
0.953458 1.773730
0.946191 1.779899
0.938864 1.786054
0.931478 1.792192
0.924032 1.798315
0.916526 1.804421
0.908959 1.810510
0.901333 1.816582
0.893646 1.822636
0.885899 1.828671
0.878091 1.834687
0.870222 1.840684
0.862292 1.846661
0.854300 1.852617
0.846247 1.858552
0.838133 1.864466
0.829957 1.870357
0.821719 1.876226
0.813419 1.882072
0.805057 1.887895
0.796633 1.893693
0.788146 1.899466
0.779596 1.905214
0.770984 1.910937
0.762309 1.916633
0.753572 1.922302
0.744771 1.927943
0.735907 1.933557
0.726979 1.939142
0.717989 1.944698
0.708935 1.950223
0.699817 1.955719
0.690635 1.961184
0.681390 1.966617
0.672081 1.972017
0.662708 1.977386
0.653270 1.982720
0.643769 1.988021
0.634204 1.993287
0.624574 1.998518
0.614880 2.003714
0.605121 2.008873
0.595298 2.013994
0.585411 2.019078
0.575459 2.024124
0.565442 2.029131
0.555361 2.034098
0.545215 2.039024
0.535004 2.043910
0.524729 2.048754
0.514389 2.053556
0.503984 2.058315
0.493515 2.063031
0.482980 2.067702
0.472381 2.072328
0.461718 2.076908
0.450989 2.081442
0.440196 2.085929
0.429338 2.090369
0.418415 2.094760
0.407428 2.099102
0.396376 2.103394
0.385260 2.107635
0.374079 2.111825
0.362833 2.115964
0.351524 2.120049
0.340150 2.124081
0.328712 2.128059
0.317209 2.131982
0.305643 2.135849
0.294012 2.139660
0.282318 2.143414
0.270560 2.147110
0.258739 2.150748
0.246854 2.154326
0.234905 2.157844
0.222893 2.161301
0.210819 2.164696
0.198681 2.168029
0.186480 2.171299
0.174217 2.174504
0.161891 2.177645
0.149503 2.180721
0.137053 2.183730
0.124541 2.186672
0.111968 2.189546
0.099333 2.192351
0.086636 2.195087
0.073879 2.197753
0.061060 2.200347
0.048181 2.202870
0.035242 2.205319
0.022243 2.207696
0.009184 2.209997
-0.003935 2.212224
-0.017113 2.214375
-0.030350 2.216449
-0.043645 2.218445
-0.056999 2.220363
-0.070411 2.222201
-0.083881 2.223960
-0.097408 2.225637
-0.110992 2.227233
-0.124633 2.228746
-0.138330 2.230175
-0.152084 2.231520
-0.165893 2.232780
-0.179757 2.233954
-0.193675 2.235041
-0.207649 2.236040
-0.221676 2.236951
-0.235757 2.237772
-0.249891 2.238503
-0.264077 2.239143
-0.278316 2.239691
-0.292607 2.240146
-0.306948 2.240508
-0.321341 2.240775
-0.335784 2.240946
-0.350277 2.241021
-0.364819 2.240999
-0.379410 2.240879
-0.394049 2.240660
-0.408735 2.240341
-0.423469 2.239922
-0.438250 2.239401
-0.453076 2.238778
-0.467948 2.238052
-0.482864 2.237221
-0.497825 2.236286
-0.512829 2.235244
-0.527876 2.234097
-0.542965 2.232841
-0.558096 2.231477
-0.573268 2.230004
-0.588480 2.228421
-0.603731 2.226727
-0.619021 2.224921
-0.634350 2.223002
-0.649716 2.220969
-0.665118 2.218823
-0.680557 2.216561
-0.696030 2.214182
-0.711538 2.211687
-0.727079 2.209074
-0.742654 2.206342
-0.758260 2.203491
-0.773897 2.200519
-0.789564 2.197427
-0.805261 2.194212
-0.820987 2.190874
-0.836740 2.187412
-0.852520 2.183826
-0.868326 2.180115
-0.884157 2.176277
-0.900012 2.172312
-0.915890 2.168219
-0.931790 2.163998
-0.947712 2.159647
-0.963654 2.155166
-0.979614 2.150554
-0.995594 2.145810
-1.011590 2.140934
-1.027602 2.135924
-1.043630 2.130779
-1.059672 2.125500
-1.075726 2.120085
-1.091793 2.114533
-1.107871 2.108844
-1.123958 2.103017
-1.140053 2.097051
-1.156156 2.090945
-1.172266 2.084699
-1.188380 2.078312
-1.204499 2.071784
-1.220620 2.065112
-1.236743 2.058298
-1.252866 2.051340
-1.268988 2.044237
-1.285108 2.036988
-1.301224 2.029594
-1.317336 2.022053
-1.333442 2.014365
-1.349540 2.006529
-1.365630 1.998544
-1.381710 1.990410
-1.397778 1.982126
-1.413834 1.973691
-1.429876 1.965106
-1.445902 1.956368
-1.461911 1.947478
-1.477903 1.938435
-1.493874 1.929239
-1.509824 1.919889
-1.525752 1.910384
-1.541656 1.900723
-1.557534 1.890908
-1.573385 1.880935
-1.589207 1.870806
-1.605000 1.860520
-1.620761 1.850076
-1.636488 1.839474
-1.652181 1.828714
-1.667837 1.817794
-1.683456 1.806714
-1.699034 1.795475
-1.714572 1.784075
-1.730067 1.772514
-1.745517 1.760792
-1.760922 1.748909
-1.776278 1.736864
-1.791585 1.724656
-1.806840 1.712286
-1.822043 1.699753
-1.837191 1.687057
-1.852283 1.674197
-1.867316 1.661173
-1.882290 1.647986
-1.897201 1.634634
-1.912050 1.621118
-1.926832 1.607437
-1.941548 1.593592
-1.956195 1.579581
-1.970771 1.565406
-1.985274 1.551064
-1.999702 1.536558
-2.014054 1.521886
-2.028328 1.507048
-2.042521 1.492045
-2.056633 1.476876
-2.070660 1.461542
-2.084601 1.446042
-2.098454 1.430376
-2.112217 1.414544
-2.125888 1.398547
-2.139465 1.382384
-2.152946 1.366056
-2.166329 1.349562
-2.179613 1.332904
-2.192794 1.316080
-2.205871 1.299092
-2.218842 1.281939
-2.231704 1.264621
-2.244457 1.247139
-2.257097 1.229494
-2.269623 1.211685
-2.282032 1.193713
-2.294323 1.175577
-2.306493 1.157280
-2.318540 1.138820
-2.330461 1.120198
-2.342256 1.101415
-2.353922 1.082471
-2.365456 1.063367
-2.376856 1.044103
-2.388121 1.024680
-2.399247 1.005098
-2.410233 0.985358
-2.421077 0.965460
-2.431777 0.945406
-2.442329 0.925195
-2.452733 0.904829
-2.462985 0.884308
-2.473084 0.863633
-2.483027 0.842805
-2.492813 0.821824
-2.502438 0.800692
-2.511901 0.779409
-2.521199 0.757976
-2.530330 0.736394
-2.539292 0.714665
-2.548083 0.692788
-2.556700 0.670766
-2.565141 0.648599
-2.573404 0.626287
-2.581487 0.603834
-2.589386 0.581238
-2.597101 0.558502
-2.604629 0.535627
-2.611967 0.512614
-2.619113 0.489465
-2.626065 0.466180
-2.632821 0.442761
-2.639378 0.419209
-2.645734 0.395526
-2.651887 0.371712
-2.657835 0.347771
-2.663575 0.323702
-2.669106 0.299508
-2.674424 0.275191
-2.679527 0.250751
-2.684414 0.226190
-2.689083 0.201510
-2.693530 0.176713
-2.697753 0.151801
-2.701752 0.126774
-2.705522 0.101636
-2.709062 0.076388
-2.712371 0.051031
-2.715445 0.025568
-2.718282 0.000000
