-0.96 -0.27 0.882983 0.469404
-0.96 -0.27 -0.619131 -0.785288  
-0.96 -0.27 0.901795 -0.432164  
-0.96 -0.27 -0.151238 -0.988497

-0.86 0.51 0.882983 0.469404
-0.86 0.51 -0.619131 -0.785288  
-0.86 0.51 0.901795 -0.432164  
-0.86 0.51 -0.151238 -0.988497

0.86 -0.50 0.882983 0.469404
0.86 -0.50 -0.619131 -0.785288  
0.86 -0.50 0.901795 -0.432164  
0.86 -0.50 -0.151238 -0.988497

0.65 -0.76 0.882983 0.469404
0.65 -0.76 -0.619131 -0.785288  
0.65 -0.76 0.901795 -0.432164  
0.65 -0.76 -0.151238 -0.988497
